9788522030910
9786588444559
9786588444979
9788582782040
9786556406039
9786556400464
9788520943403
9788520941782
9786556400723
9786556400525
9788520935026
9788520942864
9786556405827
9786589132172
9786556405223
9788520942475
9788520944172
9786556400587
9788520941485
9788520933374
9786558370277
9786556401430
9786556403489
9788522007325
9786556400631
9786556406114
9786556405711
9786586668018
9788520937679
9788555462108
9786558370741
9786556406909
9786586668575
9786556406381
9786558371212
9788520944592
9788520936108
9788520944530
9786589132622
9786556401287
9786556400259
9786556405568
9786556400624
9786556401201
9786589509233
9788520944790
9788520943861
9786556408194
9786589132202
9788520943830
9786556406060
9786558370260
9786556401874
9786556402093
9786556402475
9786556401119
9786556405872
9786581349394
9786556407647
9786556402895
9788520941621
9786556403229
9788520934876
9788520925423
9788520933350
9786556404691
9788520944547
9788520929278
9786556408552
9786556409191
9786588444238
9786556408682
9786556402567
9788560347742
9786556408996
9786556409528
9786581339210
9788582782408
9786558372332
9786558372721
9786556409832
9788520947395
9786551990700
9788582780473
9786588444696
9786588444962
9786588444504
9786556405797
9786556407388
9786556401218
9786556402499
9786589132226
9788555462689
9788520942888
9788520933527
9786586668704
9786556404615
9786556406305
9788520927311
9788520942895
9788520942109
9788520944370
9786556406251
9786556408408
9786556404820
9786556402062
9786581349387
9786556400655
9786585659048
9788520910337
9786558371243
9788520943762
9788520923290
9786556407005
9786581349196
9786589132295
9786556405834
9786558370734
9788520923818
9788520934852
9786556406916
9786556401966
9786589132455
9786556402277
9786556402581
9788520943373
9788520930144
9788520921036
9788520937433
9788520942949
9786589132080
9786556406183
9786556405094
9786556405742
9788520924273
9786556405667
9786556400990
9788520939536
9786589132943
9786589132219
9786556405919
9788520931707
9788520945070
9788520941553
9788520942253
9788520933268
9788520923634
9788520931431
9786556404325
9786556406428
9786556409016
9786581349660
9786581349790
9786556406091
9788560347728
9786581339203
9786556408781
9786581339128
9786585659154
9786551990205
9786585659345
9786551990434
9786551990489
9788520930786
9786551990458
9786581339616
9786588444009
9786588444870
9786588444313
9788582782033
9786556405780
9786589132011
9786556401621
9786556408941
9786556401003
9786556408262
9788520940969
9788522006458
9786556406046
9786556407630
9786556408583
9788520929315
9788520943014
9788520942925
9788555461309
9786589132400
9786556402178
9786558371717
9786556402055
9786586668599
9786581349592
9788522006601
9788520938638
9788520942710
9788520942277
9788520926130
9786586668223
9786581349158
9786556406756
9786581349554
9786558371502
9788579480041
9786589132387
9786556405810
9786556405506
9786556404622
9786589508250
9786556406473
9786556407616
9786556405841
9786556402086
9788520929902
9788520937495
9786556401843
9786586668346
9786589132714
9786556406077
9788520924280
9788522001170
9786558370369
9788520922989
9786556405728
9786556400457
9788520937969
9786585659024
9786556400846
9788520945841
9788520942284
9788520933251
9788520922286
9788520924556
9786556404714
9786556406985
9786556408866
9788582782170
9788500516726
9786558371946
9786556409658
9786581339180
9788560347780
9788560347827
9786558371977
9786551990229
9786556403434
9788520947289
9786558372202
9788520933329
9788520947326
9786558372554
9786588444016
9786588444627
9788582781746
9786556403755
9786556408347
9786556406138
9786556403021
9786556406596
9786588464199
9788520941997
9788520944318
9788520934845
9786556400792
9788520944165
9788520944189
9786556401492
9788520932964
9786556404608
9786586668971
9786558370239
9786585659055
9786558370529
9786585659116
9786556400907
9788520944394
9786589132196
9786556401331
9786556401973
9788520932933
9788520936801
9786586668230
9786586668964
9786556408675
9786556406978
9786589132189
9788520936658
9786556400662
9786556406398
9786556405148
9786556406084
9786581349585
9786556405773
9786556406367
9786558371199
9786556405957
9788520943731
9788555462092
9786556406008
9786556401546
9786556408934
9786589518181
9788520937990
9786556401850
9786556405896
9786556403236
9788520935811
9786556403403
9786556405322
9786556400914
9786556402437
9788520938133
9788520944783
9788520931813
9788520915523
9786556402697
9786556401362
9786556401010
9786556409184
9786581349714
9788500516733
9786581349950
9786589509295
9786581339197
9788500518058
9786598579982
9786551990212
9786558372240
9786558372622
9786581339678
9786585659451
9788520937440
9786581339753
9786556406176
9786588444771
9786588444511
9788582781098
9786558371762
9788520942642
9788520929971
9786589132837
9786556405483
9786589132738
9786556405162
9788520944042
9786556405940
9786556401942
9786556405186
9786589132776
9788520930120
9788520926253
9786556401324
9786586668445
9786556405131
9786589509172
9786556405759
9788520927793
9786556407654
9788522006632
9788522006175
9788520921746
9786581349431
9788520933671
9788520932353
9788520926161
9786581349295
9786581349653
9788520933084
9788522007219
9786556400136
9786556407524
9786556402512
9786556407548
9786556406336
9788520942178
9786581349288
9786556401867
9786558371281
9786589132394
9788520942468
9788520944769
9786556404776
9788520942444
9786589132356
9786556406480
9786556406121
9788520936962
9786556403465
9786556406947
9788520932742
9786556402659
9788520941980
9786556402789
9786556401607
9786556402925
9786556403724
9788520915059
9788520919897
9788522011155
9786556402192
9786556406329
9786556400754
9786558371878
9788500516740
9786581349967
9786556409269
9788582782354
9786558372226
9788520936634
9786551990199
9788560347957
9786558372615
9788582782422
9786581339579
9788520904916
9786581339784
9788520947760
9786588444757
9786588444528
9786588444351
9786556403700
9786556406312
9786556404592
9786556404745
9786556408507
9786556401027
9786556400679
9788520943809
9786589132431
9786556405629
9786556402529
9786556407593
9788520931875
9788520938393
9786556400839
9786586668957
9788522006960
9786581349547
9786556400808
9788520938096
9786556405681
9788520923368
9786556403458
9788522001842
9786556404554
9788520944844
9786556400617
9788520933305
9786586668308
9788520943908
9786556400778
9786556401195
9788520924853
9786556401126
9786556405858
9786556406572
9786556403328
9786589132028
9786556403083
9786586668438
9786558371458
9786556406053
9788520942451
9788520941638
9786556404332
9786556403267
9786558371588
9786556403410
9786556405889
9788520939277
9786581349530
9786556403595
9786556404653
9788520944806
9786556404455
9786556403076
9788520934999
9788520941966
9786556402611
9788520918999
9786556404462
9788522010929
9786556404066
9788520938126
9786589132967
9786585659208
9786589518266
9786581349974
9786556409610
9786585659079
9786581339340
9788560347810
9786581339333
9786551990007
9788520930458
9788520947210
9788520947234
9786581339685
9786581339777
9786588444610
9786588444788
9786588444726
9786556401539
9786589132912
9786556402604
9788520944271
9786556403380
9786556405766
9788520926673
9788520935873
9788555461934
9786556404738
9786558370611
9786556405698
9788520934753
9786556403038
9786556403816
9786556400785
9786586668100
9786586668926
9786558371441
9788520943366
9786556404721
9786558371595
9786581349165
9786556401614
9786556403618
9786556405674
9786556407975
9786558370383
9786586668315
9788520921081
9786556405704
9786556401270
9788520941775
9786556402079
9786556405643
9786585659093
9786556408392
9786589508267
9786556405117
9788520945827
9786556408231
9788520943793
9786556401560
9788520911464
9786556404646
9788520925355
9786556400556
9788520927946
9786556403632
9786556405544
9788520915240
9786586668919
9786556403106
9788520917817
9788555462085
9786556403243
9786556401102
9788520944158
9788520942635
9788520931684
9788520943823
9788520926536
9786556402536
9788520917176
9786581339067
9786556409412
9786581349721
9786581349868
9786581349370
9786589508274
9786556404073
9786581349806
9786556409665
9786585659321
9788582782415
9786585659192
9786558372813
9786589518587
9786581339760
9788582781029
9788582781524
9786588444368
9788555462542
9786589132691
9786558370376
9786556403472
9788520923351
9786556407074
9788520943915
9786556400150
9788520944820
9786556403250
9786556400426
9786556401959
9788520930465
9788520945001
9786556405513
9788520923450
9786558370642
9786586668933
9788522006953
9788520940075
9786556405735
9786558371106
9786556405650